test_Transformer_ETTh1_ftS_sl96_ll48_pl96_dm512_nh8_el2_dl1_df2048_fc1_ebtimeF_dtTrue_test_0  
mse:0.046683408319950104, mae:0.16405849158763885, rse:0.4475882053375244, corr:[0.36834705 0.34880164 0.35036528 0.35020182 0.34966186 0.3492556
 0.34912452 0.34913313 0.34920052 0.34912893 0.34885168 0.34839156
 0.34784156 0.34729302 0.34688473 0.34666032 0.346425   0.3460439
 0.345486   0.34485182 0.3445095  0.3447457  0.34538952 0.34598464
 0.34613395 0.34565932 0.34464785 0.34344772 0.34247622 0.34206122
 0.34232754 0.34305426 0.3437423  0.3440252  0.34374878 0.34271893
 0.34108192 0.3395036  0.33880627 0.3392395  0.34035036 0.34130695
 0.3416179  0.34137496 0.34074816 0.3399043  0.3393061  0.33925918
 0.33938202 0.33927703 0.3389287  0.33869737 0.33863157 0.3385776
 0.3384896  0.33826464 0.3378603  0.33755276 0.33752647 0.33755904
 0.33721492 0.3363347  0.33516163 0.334046   0.33333835 0.3334637
 0.3344074  0.33560726 0.33619204 0.33585793 0.3351145  0.33484784
 0.33539096 0.3363853  0.33720973 0.3374491  0.3370765  0.33645755
 0.33595622 0.3356449  0.3356027  0.3358601  0.33614403 0.33626342
 0.33631653 0.3363332  0.3361247  0.33570212 0.33520174 0.3347296
 0.3349408  0.33620906 0.33720168 0.33720836 0.3363332  0.36128846]

test_Transformer_ETTh1_ftS_sl10_ll5_pl1_dm512_nh8_el2_dl1_df2048_fc1_ebtimeF_dtTrue_test_0  
mse:0.005327878054231405, mae:0.04769136756658554, rse:0.1318194419145584, corr:[0.34772697]

test_Transformer_ETTh1_ftS_sl10_ll5_pl1_dm512_nh8_el2_dl1_df2048_fc1_ebtimeF_dtTrue_test_0  
mse:0.09982401877641678, mae:0.2862144708633423, rse:0.5705842971801758, corr:[0.36513698]

test_Transformer_ETTh1_ftS_sl10_ll5_pl1_dm512_nh8_el2_dl1_df2048_fc1_ebtimeF_dtTrue_test_0  
mse:0.006668781861662865, mae:0.05173468962311745, rse:0.1474774330854416, corr:[0.3542064]

test_Transformer_ftS_sl10_ll5_pl1_dm512_nh8_el2_dl1_df2048_fc1_ebtimeF_dtTrue_test_0  
mse:0.005360061768442392, mae:0.04737401381134987, rse:0.13221697509288788, corr:[0.34885478]

test_Transformer_ftS_sl10_ll5_pl1_dm512_nh8_el2_dl1_df2048_fc1_ebtimeF_dtTrue_test_0  
mse:0.0036259207408875227, mae:0.044029127806425095, rse:0.10874554514884949, corr:[0.34287813]

